,农林消费部门,能源供应部门,工业消费部门,交通消费部门,建筑消费部门,居民生活消费
农林消费部门,1.0,0.14545454545454545,0.6545454545454545,0.8363636363636363,0.8666666666666667,0.3142857142857143
能源供应部门,0.14545454545454545,1.0,0.5272727272727272,-0.24545454545454545,0.13333333333333333,-0.37142857142857144
工业消费部门,0.6545454545454545,0.5272727272727272,1.0,0.38181818181818183,0.7,0.2571428571428571
交通消费部门,0.8363636363636363,-0.24545454545454545,0.38181818181818183,1.0,0.95,0.7142857142857143
建筑消费部门,0.8666666666666667,0.13333333333333333,0.7,0.95,1.0,1.0
居民生活消费,0.3142857142857143,-0.37142857142857144,0.2571428571428571,0.7142857142857143,1.0,1.0
