,农林消费部门,能源供应部门,工业消费部门,交通消费部门,建筑消费部门,居民生活消费
农林消费部门,1.0,0.030832795622559826,0.7011808802974453,0.85811515318195,0.9129098428873818,0.5666047558626636
能源供应部门,0.030832795622559826,1.0,0.11396239610442192,-0.22422025811991553,0.14651552755102532,-0.20415990762564898
工业消费部门,0.7011808802974453,0.11396239610442192,1.0,0.5117171096250496,0.6952175756463228,0.5370622878536423
交通消费部门,0.85811515318195,-0.22422025811991553,0.5117171096250496,1.0,0.9501637973296416,0.7444594312957312
建筑消费部门,0.9129098428873818,0.14651552755102532,0.6952175756463228,0.9501637973296416,1.0,0.9690300215283357
居民生活消费,0.5666047558626636,-0.20415990762564898,0.5370622878536423,0.7444594312957312,0.9690300215283357,1.0
